,Effective Area,Efficiency,Energy,Error
0,0.7513859964430291,0.018588660538994342,10000.0,0.1639658668966667
1,1.314790783715989,0.032526823329143494,13000.0,0.22887569770143423
2,1.4825456451829908,0.03667693816803849,15000.0,0.2662730583715709
3,1.777291463913653,0.0439687029808096,17200.0,0.2921849168138605
4,1.3577143147307922,0.03358871555357446,17500.0,0.25658388773215396
5,0.4937336972312045,0.01221455834676225,1000.0,0.10295059257839775
6,1.4984201214499506,0.03706965942177191,20000.0,0.26912419847601504
7,1.831133124399675,0.04530070058838856,21000.0,0.29321596658146093
8,1.9283491291343946,0.04770574316241262,22000.0,0.3011575377315358
9,2.533563434247828,0.06267823842364145,25000.0,0.348011702128059
10,2.44882450972089,0.06058186836893263,27000.0,0.34631608335189284
11,0.22426952708472014,0.005548240355760673,2000.0,0.07475650902824005
12,2.672102300123123,0.06610557398938803,30000.0,0.36362706532327377
13,2.152646959192933,0.05325468371005208,35700.0,0.3321606370891801
14,0.21255491343521188,0.0052584306208081685,3000.0,0.07514951033227896
15,2.610645780335111,0.06458519113735818,50000.0,0.3692010669102006
16,1.6298650821703742,0.04032149771255732,55000.0,0.2881221630054603
17,0.41196922752570414,0.010191773814309663,5000.0,0.11425970567363206
18,1.6129832266762942,0.039903854740059364,60000.0,0.2897003395913177
19,0.22501633227440881,0.005566715690975328,6000.0,0.08504817944656609
20,1.4115326900783067,0.0349201371063196,77000.0,0.26675460467037204
21,0.42894254941605275,0.010611679588881408,7000.0,0.11896725816521725
22,1.5003735916006549,0.037117986637978224,80000.0,0.2739294869349075
23,0.5263072403751426,0.013020400535625642,9000.0,0.1315768100937857
